1401,1825,1851,1852,1848,1903,1398,1876,0,"SUNCO REAL ESTATE"
1899,1834,2306,1855,2301,1951,1894,1931,0,"不动产"
1492,2583,1571,2564,1584,2619,1505,2637,0,"诚聘"
901,1,1429,2,1974,98,1954,251,1,"##教育"
2081,1,2156,20,2154,40,2078,19,1,"标#教育"
703,1280,1411,1346,1386,1668,671,1612,0,"顺驰"
981,2388,1039,2388,1039,2408,981,2408,1,"###"
892,2387,950,2387,950,2409,892,2409,1,"###"
1072,2387,1127,2387,1127,2409,1072,2409,1,"###"
894,2508,949,2508,949,2526,894,2526,1,"###"
982,2504,1038,2504,1038,2524,982,2524,1,"###"
1078,2503,1124,2503,1124,2521,1078,2521,1,"###"
983,2624,1036,2624,1036,2645,983,2645,1,"###"
1074,2622,1131,2622,1131,2642,1074,2642,1,"###"
988,2749,1030,2749,1030,2768,988,2768,1,"###"
985,2428,1041,2428,1041,2445,985,2445,0,"103.0万"
897,2428,945,2428,945,2449,897,2449,1,"6#.0万"
1079,2427,1124,2427,1124,2445,1079,2445,0,"73.0万"
989,2544,1031,2544,1031,2562,989,2562,1,"###"
1080,2542,1125,2542,1125,2560,1080,2560,0,"74.0万"
897,2547,938,2547,938,2566,897,2566,1,"###"
897,2668,931,2668,931,2686,897,2686,1,"###"
985,2664,1026,2664,1026,2684,985,2684,1,"###"
1078,2663,1129,2663,1129,2679,1078,2679,1,"###"
1081,2785,1122,2785,1122,2802,1081,2802,1,"###"
986,2794,1023,2794,1023,2810,986,2810,1,"###"
896,2798,931,2798,931,2817,896,2817,1,"###"
1717,2415,1758,2415,1758,2435,1717,2435,1,"###"
1717,2382,1756,2382,1756,2399,1717,2399,1,"###"
1799,2382,1834,2382,1834,2399,1799,2399,1,"###"
1801,2416,1840,2416,1840,2434,1801,2434,1,"###"
1883,2416,1919,2416,1919,2433,1883,2433,1,"###"
1879,2382,1920,2382,1920,2400,1879,2400,1,"###"
1726,2490,1762,2490,1762,2505,1726,2505,1,"###"
1800,2490,1852,2490,1852,2507,1800,2507,1,"###"
1887,2490,1934,2490,1934,2507,1887,2507,1,"###"
1729,2525,1761,2525,1761,2542,1729,2542,1,"###"
1813,2525,1845,2525,1845,2543,1813,2543,1,"###"
1892,2524,1929,2524,1929,2541,1892,2541,1,"###"
1732,2604,1776,2604,1776,2619,1732,2619,1,"###"
1819,2604,1859,2604,1859,2619,1819,2619,1,"###"
1901,2604,1945,2604,1945,2619,1901,2619,1,"###"
1821,2640,1865,2640,1865,2657,1821,2657,1,"###"
1907,2641,1951,2641,1951,2657,1907,2657,1,"###"
1743,2720,1791,2720,1791,2736,1743,2736,1,"###"
1823,2717,1872,2717,1872,2732,1823,2732,1,"###"
1920,2755,1956,2755,1956,2768,1920,2768,1,"###"
1752,2757,1785,2757,1785,2774,1752,2774,1,"###"
1832,2754,1866,2754,1866,2770,1832,2770,1,"###"
1519,2544,1659,2544,1659,2560,1519,2560,1,"###"
1552,2515,1620,2515,1620,2541,1552,2541,1,"###"
1526,2685,1627,2654,1631,2667,1529,2699,1,"###"
2285,48,2412,74,2408,102,2283,72,0,"神奇语音"
595,3030,647,3030,647,3044,595,3044,1,"###"
137,2996,174,2996,174,3019,137,3019,1,"###"
116,2881,160,2881,160,2910,116,2910,1,"###"
2412,3122,2443,3122,2443,3143,2412,3143,1,"###"
1556,2779,1637,2752,1644,2773,1561,2799,1,"###"
894,2628,946,2628,946,2645,894,2645,1,"###"
893,2755,945,2755,945,2771,893,2771,1,"###"
1081,2746,1130,2746,1130,2759,1081,2759,1,"###"
1908,2717,1953,2717,1953,2732,1908,2732,1,"###"
2411,1327,2449,1327,2449,1455,2411,1455,1,"###"
2255,2450,2363,2444,2448,3022,2348,3034,0,"欢迎光临"
