660,2312,707,2311,710,2445,664,2447,1,"###"
729,2304,757,2305,756,2445,727,2445,1,"###"
756,2284,790,2284,787,2445,753,2445,1,"###"
698,476,768,485,685,1120,616,1111,0,"享尊贵生活品至臻新鲜"
766,479,1009,518,893,1241,649,1202,0,"新鲜无极限"
952,804,984,812,884,1220,852,1211,1,"###"
972,834,1009,843,916,1222,879,1214,1,"###"
1220,745,1272,757,1228,926,1177,914,0,"3D立体冷流"
1156,965,1196,976,1154,1116,1114,1105,0,"名牌压缩机"
1305,668,1345,680,1266,930,1225,917,0,"制冷效果快速均匀"
1202,968,1249,984,1193,1151,1145,1135,0,"性能稳定可靠"
1295,897,1393,919,1374,1002,1276,981,0,"4"
1423,880,1480,901,1424,1057,1367,1037,0,"大保障"
1568,814,1609,831,1556,956,1515,938,0,"无氟制冷"
1618,793,1673,812,1619,969,1565,950,0,"环保更节能"
1488,988,1529,1006,1474,1132,1433,1114,0,"智能温控"
1517,997,1564,1012,1521,1147,1474,1132,0,"人性化设计"
1325,243,1388,234,1406,356,1343,365,0,"椒牛肉"
1065,588,1117,592,1108,688,1055,683,0,"生产许可"
5,5,118,5,118,454,5,454,1,"###"
976,718,1037,718,1037,779,976,779,0,"CCC"
1140,842,1166,842,1166,869,1140,869,0,"30"
2070,370,2108,364,2138,403,2100,414,1,"###"
