432,1921,1973,1839,1992,2180,451,2262,0,"MG晨光"
484,2257,1638,2208,1642,2282,488,2331,0,"WRITING CREATIVITY"
1653,2207,1985,2198,1988,2279,1656,2288,0,"书写创意"
1984,1827,2048,1818,2061,1912,1996,1920,0,"R"
543,2541,1431,2532,1434,2738,546,2747,0,"MG-6102"
548,2775,1445,2757,1448,2878,551,2896,0,"20支/pcs 中性替芯"
565,2910,1465,2895,1468,3033,567,3047,0,"专业办公事务型"
1533,2676,1739,2670,1745,2876,1539,2882,0,"黑"
1846,2656,2054,2656,2054,2788,1846,2788,0,"0.5"
1848,2797,2065,2797,2065,2875,1848,2875,0,"mm"
1207,1567,1863,1518,1869,1604,1214,1653,0,"GM"
666,1623,1179,1591,1184,1666,670,1698,0,"光晨"
575,1689,633,1685,634,1709,576,1713,0,"R"
