123,839,2280,839,2280,1206,123,1206,0,"荆楚人家"
866,1210,1186,1210,1186,1285,866,1285,0,"朋友聚餐"
1223,1205,1550,1205,1550,1279,1223,1279,0,"生日宴会"
1587,1198,1924,1198,1924,1274,1587,1274,0,"承包宴席"
1197,1329,1548,1329,1548,1378,1197,1378,0,"15871373951"
570,2177,832,2177,832,2235,570,2235,0,"您迎欢家人楚荆"
903,1912,1123,1912,1123,2586,903,2586,0,"正在营业"
1222,1927,1414,1927,1414,2625,1222,2625,0,"内设空调"
1521,2204,1808,2204,1808,2265,1521,2265,0,"荆楚人家欢迎您"
852,419,901,419,901,435,852,435,0,"Midea"
869,435,895,435,895,445,869,445,0,"美的"
252,363,309,363,309,381,252,381,0,"GREE"
481,429,522,429,522,443,481,443,0,"GREE"
469,616,500,591,508,605,476,631,0,"格力"
525,1331,1142,1331,1142,1384,525,1384,0,"订餐电话：15107116300"
1622,397,1672,397,1672,415,1622,415,0,"GREE"
1624,511,1663,478,1672,500,1637,526,0,"格力"
2114,446,2165,446,2165,462,2114,462,0,"GREE"
2122,566,2158,535,2166,555,2129,582,0,"格力"
1397,1903,1804,1903,1804,1959,1397,1959,1,"中百#市"
1844,1962,1898,1962,1898,1980,1844,1980,1,"###"
2410,1996,2447,1996,2447,2021,2410,2021,1,"#子"
2418,2022,2448,2022,2448,2052,2418,2052,1,"2#"
161,1872,178,1872,178,1898,161,1898,1,"###"
2,1914,22,1914,22,1939,2,1939,0,"S"
158,2045,232,2045,232,2070,158,2070,0,"聘送餐工若干"
174,2098,224,2098,224,2113,174,2113,1,"###"
689,1832,846,1832,846,1850,689,1850,1,"###"
948,1831,1144,1831,1144,1869,948,1869,1,"广东#鼎装饰"
1045,1873,1174,1873,1174,1895,1045,1895,1,"###"
1042,1898,1174,1898,1174,1913,1042,1913,1,"###"
1051,1915,1179,1915,1179,1929,1051,1929,1,"###"
1141,2153,1158,2153,1158,2171,1141,2171,0,"拉"
1191,2154,1207,2154,1207,2172,1191,2172,0,"拉"
160,2074,226,2074,226,2091,160,2091,1,"###"
163,2540,229,2523,232,2537,168,2553,1,"###"
368,2653,407,2621,418,2637,380,2670,1,"###"
1666,2026,1719,2026,1719,2039,1666,2039,1,"###"
1663,2037,1729,2037,1729,2049,1663,2049,1,"###"
1660,2060,1701,2060,1701,2068,1660,2068,1,"###"
1660,2071,1705,2071,1705,2081,1660,2081,1,"###"
1661,2080,1727,2080,1727,2086,1661,2086,1,"###"
1663,2094,1731,2094,1731,2105,1663,2105,1,"###"
1661,2110,1711,2110,1711,2120,1661,2120,1,"###"
1698,2644,1729,2674,1718,2689,1687,2660,0,"eoc"
1901,2740,1943,2759,1937,2775,1896,2757,0,"LIMA"
2341,1095,2403,1095,2403,1302,2341,1302,0,"农家菜"
555,1653,584,1653,584,1687,555,1687,1,"###"
1699,1727,1754,1727,1754,1737,1699,1737,1,"###"
875,1729,943,1729,943,1747,875,1747,1,"###"
1263,1666,1333,1666,1333,1692,1263,1692,1,"###"
