121,689,430,689,430,842,121,842,0,"写真"
108,839,416,839,416,982,108,982,0,"喷绘"
2220,1039,2437,1039,2437,1248,2220,1248,0,"欧"
1734,1137,2208,1137,2208,1248,1734,1248,0,"OTHENS"
1964,1333,2373,1333,2373,1465,1964,1465,0,"充800"
1973,1927,2133,1927,2133,1958,1973,1958,0,"OTHERS 欧泉造型"
1969,2097,2129,2097,2129,2152,1969,2152,0,"火爆推出"
1813,2131,1987,2131,1987,2167,1813,2167,0,"韩式纳米特色"
1823,2188,2104,2188,2104,2286,1823,2286,0,"无痕接"
1976,2289,2075,2289,2075,2380,1976,2380,0,"发"
1832,2349,1946,2349,1946,2393,1832,2393,0,"1280元起"
1794,2618,2049,2618,2049,2661,1794,2661,0,"美丽热线:13871590580"
1275,1839,1390,1839,1390,2044,1275,2044,0,"三鲜"
945,2125,969,2125,969,2151,945,2151,0,"拉"
845,2124,874,2124,874,2149,845,2149,0,"拉"
408,1127,1499,1127,1499,1375,408,1375,0,"西里烧烤"
5,1032,363,1032,363,1375,5,1375,0,"告"
3,687,34,687,34,980,3,980,1,"###"
892,1733,964,1733,964,1763,892,1763,1,"###"
1259,2300,1327,2300,1327,2313,1259,2313,1,"###"
1511,2437,1544,2437,1544,2458,1511,2458,1,"###"
1559,2432,1580,2432,1580,2453,1559,2453,1,"###"
1516,2452,1582,2452,1582,2472,1516,2472,1,"###"
849,2113,879,2113,879,2122,849,2122,1,"###"
946,2114,974,2114,974,2123,946,2123,1,"###"
1525,2525,1547,2525,1547,2606,1525,2606,1,"###"
1541,2525,1566,2525,1566,2562,1541,2562,1,"###"
1549,2574,1568,2574,1568,2609,1549,2609,1,"###"
1574,2510,1586,2510,1586,2584,1574,2584,1,"###"
2047,1960,2134,1960,2134,1982,2047,1982,1,"###"
