720,1247,946,1263,940,1358,713,1341,0,"Hoyo"
705,1355,941,1365,939,1413,704,1404,0,"好友生活"
697,1410,939,1415,938,1431,697,1426,1,"#"
344,1531,1231,1527,1231,1639,344,1643,0,"心柔衣架(红色)"
656,2293,828,2288,830,2333,657,2338,0,"Hoyo"
650,2349,831,2339,833,2366,652,2376,0,"好友生活"
372,2472,1040,2426,1044,2478,376,2524,0,"心柔衣架(红色)"
719,191,791,191,791,211,719,211,1,"###"
931,201,1008,201,1008,218,931,218,1,"###"
1006,209,1058,209,1058,222,1006,222,1,"###"
577,402,690,402,690,423,577,423,1,"###"
656,2379,824,2371,821,2383,659,2394,1,"#"
2295,678,2399,695,2393,718,2293,702,1,"###"
