2010,1168,2084,1169,2083,1184,2009,1182,1,"###"
2040,1182,2310,1188,2309,1232,2040,1227,0,"龙翔床垫"
2088,1229,2264,1230,2263,1249,2087,1248,0,"沙发·软床·木床"
1394,1468,2130,1483,2128,1585,1393,1571,0,"以匠心，致年轻"
1787,1764,1937,1766,1936,1790,1786,1787,1,"###"
1771,1810,1929,1814,1927,1853,1769,1848,0,"6月疯抢"
1875,1883,1930,1882,1930,1921,1875,1922,0,"66"
1162,1470,1338,1471,1338,1497,1161,1495,0,"PRIVATE MANSION"
1166,1505,1339,1507,1338,1548,1165,1546,0,"旭辉·御府"
1164,1552,1342,1552,1342,1569,1164,1569,0,"房企25强·墅质精工住区"
486,1328,743,1334,742,1399,484,1392,0,"靓靓虾庄"
564,1388,719,1386,720,1410,564,1412,0,"炒菜/烧烤/汤包"
83,1352,167,1367,163,1392,79,1377,0,"光谷广场施"
80,1380,168,1396,165,1416,76,1400,0,"工，车辆请"
78,1404,158,1414,155,1439,75,1429,0,"提前绕行。"
669,1584,698,1584,698,1616,669,1616,1,"###"
754,1776,854,1776,854,1833,754,1833,1,"###"
766,1844,805,1844,805,1868,766,1868,0,"510"
88,2085,143,2067,148,2107,91,2126,1,"###"
2313,1867,2391,1867,2391,1884,2313,1884,1,"###"
1631,1765,1772,1765,1772,1783,1631,1783,1,"###"
1634,1781,1768,1781,1768,1792,1634,1792,1,"###"
1593,1781,1618,1781,1618,1791,1593,1791,1,"###"
1601,1812,1766,1812,1766,1851,1601,1851,0,"景观楼王"
