1395,834,1737,843,1734,970,1393,962,0,"化妆"
1412,987,1728,995,1725,1125,1409,1117,0,"美甲"
1417,1137,1752,1142,1751,1278,1415,1273,0,"修眉"
1519,1816,1587,1739,1618,1765,1550,1842,0,"特别为你"
1088,1702,1326,1719,1323,1755,1085,1738,0,"名姿形象创艺沙龙"
1237,1818,1334,1828,1332,1848,1236,1839,0,"二楼A211"
348,900,641,917,628,1134,335,1117,0,"药"
898,1706,1089,1712,1089,1737,898,1731,0,"SALON MINGZi"
166,996,326,1012,317,1108,157,1092,0,"24"
1274,2471,1322,2471,1317,2560,1271,2560,0,"精鹅"
234,905,295,908,288,934,226,932,1,"###"
211,965,309,950,302,988,206,1003,1,"###"
685,2711,707,2712,695,2916,675,2917,1,"###"
1429,2656,1473,2616,1482,2634,1438,2671,1,"###"
1212,2125,1320,2126,1318,2201,1208,2201,1,"###"
1248,2213,1313,2207,1314,2226,1245,2233,1,"###"
1278,2567,1344,2563,1341,2598,1274,2601,0,"凉面"
590,1700,617,1657,630,1671,607,1718,0,"111"
2113,926,2237,763,2276,985,2142,1126,0,"美甲"
2127,1144,2269,1009,2318,1239,2176,1346,0,"化妆"
2140,1374,2303,1260,2327,1482,2171,1601,0,"美睫"
1503,1698,1605,1524,1620,1654,1522,1795,0,"乐美彩妆"
