24,617,758,524,775,665,41,758,0,"太平洋保险"
218,499,418,472,423,514,223,541,0,"太平洋保险"
256,541,343,528,347,554,260,567,0,"CPIC"
51,792,151,785,153,812,53,818,0,"代办年审"
36,825,139,816,142,843,39,852,0,"违章咨询"
23,855,123,847,124,875,25,882,0,"提档过户"
12,887,114,879,117,908,15,915,0,"酒后代驾"
158,781,260,775,261,802,159,808,0,"汽车救援"
140,814,246,807,248,835,141,841,0,"汽车寄售"
129,848,234,841,236,868,130,875,0,"汽车导购"
114,878,218,871,220,901,116,908,0,"全国搜车"
35,927,156,919,157,944,36,951,0,"汽车网络代购"
294,766,651,735,655,778,298,809,0,"金骠骑汽车俱乐部"
343,810,563,795,565,837,345,852,0,"袁市加盟点"
366,893,581,880,582,912,367,925,0,"保险咨询工作室"
350,930,627,912,629,936,351,954,0,"服务热线：0728-3253834"
456,951,605,941,606,964,457,973,0,"15671185853"
847,642,1119,612,1122,641,851,670,0,"INFINITUS"
1170,447,1905,349,1930,535,1195,632,0,"无限极"
1525,700,2022,647,2028,702,1531,755,0,"中草药美容养生馆"
1187,1440,1269,1444,1266,1504,1184,1500,0,"太"
1220,1412,1273,1417,1272,1433,1219,1428,1,"###"
1380,1419,1985,1448,1982,1503,1377,1474,0,"平时注入一滴水"
2223,1,2686,1,2686,216,2223,216,1,"川#"
2587,1128,2641,1128,2641,1200,2587,1200,1,"###"
2289,1192,2321,1192,2321,1242,2289,1242,1,"###"
1375,1488,1712,1488,1712,1520,1375,1520,1,"###"
164,527,203,527,203,565,164,565,0,"C"
6,1451,176,1482,167,1504,0,1477,1,"###"
2300,144,2684,144,2684,747,2300,747,1,"###"
