1623,1847,1722,1847,1722,1869,1623,1869,0,"招聘启示"
1615,1886,1736,1886,1736,1896,1615,1896,1,"###"
1605,1902,1740,1902,1740,1912,1605,1912,1,"###"
1606,1915,1725,1915,1725,1926,1606,1926,1,"###"
1587,2077,1615,2077,1615,2136,1587,2136,0,"5"
1341,1918,1417,1918,1417,1934,1341,1934,1,"###"
1326,1835,1557,1835,1557,1858,1326,1858,1,"###"
2122,2169,2139,2169,2139,2204,2122,2204,1,"###"
2145,2171,2156,2171,2156,2205,2145,2205,1,"###"
1570,1914,1617,1914,1617,1962,1570,1962,1,"口#"
69,815,2235,815,2235,1330,69,1330,0,"美味坊"
