0,454,830,434,831,517,0,537,0,"考试辅导专业机构"
907,1702,1206,1713,1204,1791,905,1779,0,"国际品质"
1262,1726,1552,1737,1550,1815,1260,1804,0,"全球共享"
1073,1818,1332,1830,1330,1857,1071,1844,0,"one world one tune"
1001,1945,1649,1965,1645,2088,997,2067,0,"武汉文都学院"
1518,2239,1583,2232,1634,2724,1569,2731,0,"洋河蓝色经典"
1530,2663,1558,2661,1569,2787,1542,2790,0,"男人的情怀"
1594,2258,1674,2251,1707,2627,1627,2634,0,"军威超市"
1,2614,529,2619,527,2887,0,2883,0,"茅台"
415,2885,465,2888,464,2919,414,2916,0,"统一"
408,2912,469,2917,467,2945,407,2941,0,"编号"
460,2878,544,2880,542,2925,458,2923,0,"0217"
1598,2957,1758,2947,1765,3056,1605,3066,0,"烟酒"
57,1995,667,1982,672,2173,62,2185,0,"酒公司"
164,1752,768,1736,769,1791,165,1806,0,"www.houseky.com"
2279,429,2449,429,2449,468,2279,468,0,"OPPE"
3,576,691,576,691,893,3,893,0,"学院"
2347,478,2449,478,2449,524,2347,524,0,"整体"
988,489,1321,517,1316,557,984,527,1,"###"
792,2810,824,2855,814,2956,785,2917,0,"超市"
488,2922,537,2923,535,2942,486,2943,0,"001"
805,2749,823,2783,818,2837,798,2808,1,"###"
782,2927,813,2968,810,3004,781,2966,1,"###"
1553,2196,1650,2191,1651,2205,1552,2208,0,"YANGHE"
1554,2169,1647,2165,1649,2191,1555,2193,0,"洋河酒厂"
1103,553,1357,570,1380,1714,1080,1698,0,"道格拉斯瓷砖"
0,1335,142,1335,142,1559,0,1559,1,"#"
1,1761,73,1761,73,1808,1,1808,0,"89"
0,1593,71,1593,71,1691,0,1691,0,"乍"
1,2899,145,2899,145,2959,1,2959,0,"UTAI"
2260,565,2449,566,2448,579,2258,579,0,"地址：武昌东湖开发区"
2254,540,2371,540,2374,552,2256,553,0,"有家 有爱 有欧派"
2388,540,2446,540,2447,555,2387,553,0,"www.o"
305,1277,498,1277,498,1386,305,1386,0,"M"
