1076,59,1187,44,1190,67,1079,83,0,"全友"
915,112,1146,78,1149,99,918,133,1,"###"
808,169,1704,65,1719,189,823,293,0,"盛大开业"
769,325,1087,288,1094,347,776,384,0,"买家具"
1107,280,1435,245,1443,313,1115,348,0,"抽汽车"
718,415,1617,321,1623,370,723,463,0,"地址：仙桃沔阳大道西瑞全友家居"
672,491,1119,445,1122,485,675,530,0,"全友家私有限公司"
822,567,941,556,945,590,826,602,0,"全友"
598,768,2121,683,2124,744,602,828,0,"地址：勉阳大道西瑞（西桥乘风电器二楼）"
573,855,1127,830,1129,886,575,911,0,"电话：3201778"
1310,426,1759,380,1763,419,1314,465,0,"全国统一服务热线"
739,687,933,675,934,705,740,717,0,"中国驰名商标"
995,668,1205,651,1208,682,998,698,0,"中国环境标志产品认证"
1287,651,1508,638,1509,661,1289,674,0,"中国质量环保产品认证"
2519,857,2684,852,2685,887,2520,891,0,"全友家居"
797,524,983,511,986,560,801,573,0,"中国驰名商标"
1044,505,1226,489,1229,535,1047,551,0,"中国环境标志"
2101,122,2616,59,2622,109,2106,171,0,"优惠绝无仅有"
2099,179,2639,116,2646,169,2106,231,0,"买贵十倍返差"
1190,41,1242,41,1242,62,1190,62,1,"###"
1354,3,1638,3,1638,53,1354,53,1,"全##"
912,79,1078,56,1082,86,910,110,1,"###"
1034,558,1222,558,1222,636,1034,636,1,"###"
1344,584,1478,584,1478,618,1344,618,0,"中国质量认证中心"
1347,526,1482,526,1482,562,1347,562,0,"CQC"
1454,472,1515,472,1515,557,1454,557,1,"###"
1319,484,1394,484,1394,572,1319,572,1,"###"
797,593,960,593,960,655,797,655,1,"###"
1647,307,2572,212,2574,264,1649,366,0,"热线电话：0728-3200612"
1794,362,2595,279,2611,341,1802,426,0,"400-8800-315"
2536,903,2688,903,2688,935,2536,935,1,"全友家#"
2633,740,2689,740,2689,802,2633,802,0,"全"
462,1227,935,1227,935,1293,462,1293,0,"宏远演艺传媒"
440,1305,544,1305,544,1351,440,1351,0,"承接："
557,1305,736,1305,736,1352,557,1352,0,"商业演出"
757,1310,844,1310,844,1352,757,1352,0,"开业"
544,1358,722,1358,722,1407,544,1407,0,"场地策划"
741,1357,833,1357,833,1406,741,1406,0,"金榜"
397,1405,502,1405,502,1453,397,1453,0,"出租："
524,1409,698,1409,698,1456,524,1456,0,"专业舞台"
727,1417,815,1417,815,1463,727,1463,0,"专业"
665,1475,770,1475,770,1519,665,1519,0,"电话："
1793,2,2314,2,2314,14,1803,82,1,"9月18#"
2019,60,2664,1,2673,52,2032,130,0,"全场工厂价"
