1293,3052,1393,3022,1405,3060,1305,3090,0,"码上省"
1322,1699,1422,1680,1426,1697,1326,1716,0,"Removes PM2.5"
1266,1718,1284,1718,1284,1776,1266,1776,0,"手柄释放"
2110,2832,2144,2820,2172,2898,2138,2910,0,"展示"
2128,2228,2304,2186,2312,2217,2136,2259,1,"###"
2266,1509,2389,1488,2392,1504,2269,1526,1,"###"
2028,2529,2081,2513,2086,2529,2033,2544,0,"Suning"
2046,2546,2093,2532,2095,2541,2049,2555,1,"###"
2076,2551,2141,2532,2146,2549,2081,2568,0,"4600.00"
2121,2501,2203,2481,2205,2493,2123,2513,1,"###"
2148,2523,2196,2512,2199,2521,2151,2532,1,"###"
2255,1079,2316,1065,2321,1084,2260,1097,0,"Suning苏宁"
2298,1121,2368,1106,2372,1129,2302,1145,0,"399.00元"
1527,320,1590,317,1590,336,1527,339,0,"步步高"
1593,322,1639,318,1640,334,1594,338,1,"###"
1763,332,1862,326,1863,342,1764,348,1,"###"
1566,392,1823,383,1825,433,1568,442,0,"万性北伙"
1571,464,1820,450,1823,501,1573,514,0,"丑悔丹及"
1569,530,1818,516,1820,568,1571,582,0,"匹必佳出"
2328,681,2397,681,2397,715,2328,715,0,"LE"
36,701,94,701,94,728,36,728,0,"SO"
39,649,81,649,81,690,39,690,0,"学"
57,1074,153,1074,153,1100,57,1100,0,"点读机T2"
1266,2452,1339,2452,1339,2485,1266,2485,0,"ean"
892,3174,1011,3174,1011,3200,892,3200,1,"###"
2350,1441,2399,1441,2399,1473,2350,1473,1,"###"
