409,440,738,440,738,476,409,476,0,"全营养 高活性红石榴手霜套组"
691,474,776,474,776,511,691,511,0,"慧立康"
197,203,232,203,232,213,197,213,1,"###"
192,337,255,337,255,344,192,344,1,"###"
200,342,214,342,214,357,200,357,1,"###"
211,345,251,345,251,352,211,352,1,"###"
214,368,235,368,235,376,214,376,1,"###"
614,287,635,287,635,306,614,306,1,"###"
510,304,535,304,535,322,510,322,1,"###"
205,285,251,285,251,329,205,329,1,"###"
561,271,575,271,575,284,561,284,1,"###"
507,247,523,247,523,261,507,261,1,"###"
591,238,607,238,607,246,591,246,1,"###"
557,162,592,166,591,174,555,170,1,"###"
556,169,602,176,601,183,556,178,1,"###"
555,180,582,185,580,192,554,188,1,"###"
