2399,1233,2536,1238,2533,1341,2396,1336,0,"福"
1495,1232,1622,1289,1581,1381,1454,1324,0,"福"
2246,1755,2313,1752,2318,1865,2250,1867,0,"膜天下"
1125,1737,1186,1761,1138,1884,1077,1860,0,"膜天下"
547,294,603,239,619,255,563,310,0,"口碑外卖"
422,312,460,268,517,316,479,361,0,"厅"
558,328,629,251,651,271,581,349,0,"453580029"
610,322,647,279,669,298,632,341,0,"19：30"
949,278,1313,87,1375,205,1010,396,0,"MASK"
1222,1484,1293,1513,1184,1776,1112,1746,0,"UMASK"
2232,1503,2303,1501,2312,1751,2241,1753,0,"UMASK"
2129,1522,2162,1522,2159,1590,2126,1589,0,"韩国研发"
1108,1518,1139,1530,1108,1605,1078,1593,0,"韩国研发"
2131,1594,2163,1594,2163,1765,2131,1765,0,"晶钛专业面膜护理系列"
1078,1593,1106,1604,1034,1774,1005,1762,0,"晶钛专业面膜护理系列"
2170,1521,2198,1520,2200,1735,2172,1735,0,"UMASK PROFESSIONAL"
1153,1515,1178,1526,1082,1749,1057,1738,0,"UMASK PROFESSIONAL"
2166,1741,2226,1739,2234,1982,2174,1984,0,"BIOSCIENCE"
1062,1724,1112,1748,992,2001,943,1978,0,"BIOSCIENCE"
502,1301,614,1280,645,1445,533,1466,0,"福"
1639,211,1685,231,1662,284,1615,265,0,"Orbit"
754,825,1985,825,1985,1129,754,1129,1,"M###"
126,104,154,104,154,133,126,133,1,"9"
1,87,61,87,61,102,1,102,1,"###"
2,148,63,148,63,160,2,160,1,"###"
1,104,78,104,78,114,1,114,1,"###"
2,112,101,112,101,122,2,122,1,"###"
330,117,595,1,764,28,438,198,0,"MASK"
2,128,86,128,86,140,2,140,1,"###"
857,311,986,311,986,347,857,347,1,"###"
2200,1525,2222,1525,2222,1734,2200,1734,1,"###"
257,675,3698,675,3698,1080,257,1080,0,"新年快楽"
