1092,1459,1230,1459,1230,1541,1092,1541,0,"名门"
33,1711,1733,1711,1733,1902,33,1902,0,"华中豪宅销冠 湖景新品加推"
234,1904,1518,1904,1518,2002,234,2002,0,"193-240m^2殿堂级奢装大宅 恭迎品鉴"
724,2165,1173,2165,1173,2265,724,2265,0,"8730 7777"
533,2165,731,2165,731,2217,533,2217,0,"万达集团"
524,2219,717,2219,717,2245,524,2245,0,"wanda group"
733,1440,1075,1459,1071,1509,728,1495,0,"汉街●壹号公馆"
733,1499,1075,1516,1073,1547,725,1526,0,"HAN STREET MANSION"
1985,1442,2161,1442,2161,1497,1985,1497,0,"万达集团"
1983,1487,2168,1487,2168,1521,1983,1521,1,"###"
814,1220,1449,1258,1445,1358,809,1325,0,"k6-2-2砂浆罐防护棚"
