1039,1145,1295,1145,1295,1199,1039,1199,0,"菲灵空间"
1043,1197,1273,1197,1273,1217,1043,1217,0,"FEILINGKONGJIAN"
237,1585,429,1585,429,1648,237,1648,0,"陕西省"
97,1762,2264,1762,2264,1986,97,1986,0,"专业修脚房"
475,2279,595,2279,595,2424,475,2424,0,"喜讯"
637,2292,1883,2292,1883,2379,637,2379,0,"远元事迹在《人民日报》全版刊登"
626,2374,1871,2374,1871,2429,626,2429,0,"《脚上有路——一个修脚工的中国梦》北京研讨会隆重召开"
1706,2781,1956,2781,1956,2884,1706,2884,0,"泡脚"
1712,2984,1974,2984,1974,3109,1712,3109,0,"按摩"
0,2528,232,2528,232,2684,0,2684,0,"5斤"
352,2799,704,2799,704,2884,352,2884,0,"公司直营店"
372,2922,650,2922,650,2994,372,2994,0,"服务内容"
323,3028,686,3028,686,3122,323,3122,0,"肉刺 血胞刺"
309,3161,670,3161,670,3250,309,3250,0,"鸡眼 灰指甲"
861,3194,1142,3194,1142,3247,861,3247,0,"因为专业 所以卓越"
1237,3195,1537,3195,1537,3238,1237,3238,0,"创一流技术 一流服务"
1309,1257,1351,1257,1351,1273,1309,1273,0,"Midea"
1686,1253,1729,1253,1729,1268,1686,1268,0,"Midea"
1692,1263,1723,1263,1723,1281,1692,1281,0,"美的"
1314,1273,1345,1273,1345,1284,1314,1284,0,"美的"
187,1632,458,1632,458,1706,187,1706,0,"著名商标"
1015,2924,1164,2924,1164,2992,1015,2992,1,"###"
892,2955,991,2955,991,3015,892,3015,1,"###"
1720,3180,2003,3180,2003,3260,1720,3260,1,"###"
2076,566,2442,566,2442,724,2076,724,1,"FE#"
591,2954,798,2954,798,3015,591,3015,1,"###"
3,3039,56,3039,56,3063,3,3063,0,"层出租"
294,2947,480,2947,480,3021,294,3021,1,"###"
807,3236,846,3236,846,3250,807,3250,1,"###"
1758,2955,2027,2955,2027,3017,1758,3017,1,"###"
1612,2913,1685,2913,1685,2972,1612,2972,0,"麻"
1449,2939,1569,2939,1569,2989,1449,2989,1,"###"
1917,1350,1973,1350,1973,1402,1917,1402,0,"R"
1798,2784,2031,2784,2031,2840,1798,2840,1,"###"
633,555,1150,555,1150,747,633,747,0,"棋牌"
1242,564,1732,564,1732,745,1242,745,0,"上网"
579,1361,1818,1361,1818,1751,579,1751,0,"郑远元"
