138,81,238,81,238,121,138,121,0,"是与非"
481,554,681,554,681,592,481,592,0,"0.50km|1分钟前"
116,559,206,559,206,594,116,594,0,"双子座"
31,644,155,644,155,680,31,680,0,"个人动态"
38,680,137,680,137,733,38,733,0,"205"
107,1213,170,1213,170,1251,107,1251,0,"对话"
341,1214,404,1214,404,1251,341,1251,0,"关注"
529,9,590,9,590,41,529,41,0,"81%"
626,9,705,9,705,40,626,40,0,"20:47"
398,15,412,15,412,35,398,35,0,"1"
428,8,452,8,452,26,428,26,0,"3G"
458,8,478,8,478,23,458,23,0,"3G"
459,23,478,23,478,40,459,40,0,"1X"
555,1216,677,1216,677,1249,555,1249,0,"拉黑/举报"
68,562,104,562,104,590,68,590,0,"34"
39,823,155,823,155,856,39,856,0,"个人签名"
40,925,157,925,157,958,40,958,0,"情感状态"
40,1027,99,1027,99,1057,40,1057,0,"职业"
41,1128,96,1128,96,1158,41,1158,0,"家乡"
220,823,366,823,366,856,220,856,0,"去你大爷的"
227,670,320,670,320,689,227,689,1,"###"
218,924,279,924,279,956,218,956,0,"已婚"
223,1031,246,1031,246,1053,223,1053,0,"工"
253,1026,310,1026,310,1058,253,1058,0,"电子"
220,1126,337,1126,337,1159,220,1159,0,"河北邯郸"
