27,1375,255,1375,255,1454,27,1454,0,"佳源花都4期"
379,1393,538,1393,538,1444,379,1444,0,"宜盛花园"
344,1385,373,1385,373,1437,344,1437,0,"顺民"
534,2363,1005,2363,1005,2413,534,2413,0,"地址：光谷一路与南湖大道延长线交汇处"
1054,2373,1336,2373,1336,2410,1054,2410,0,"整合推广：嘉涛 黑马创意"
1464,2298,2120,2298,2120,2432,1464,2432,0,"8790 6666"
801,1376,1762,1376,1762,1463,801,1463,0,"YISHENGGARDEN"
2110,1414,2401,1414,2401,1463,2110,1463,0,"三环内·双地铁·"
366,1436,515,1436,515,1465,366,1465,1,"###"
2313,2349,2355,2349,2355,2370,2313,2370,1,"###"
2,2372,474,2372,474,2412,2,2412,0,"展商：武汉顺民房地产开发有限责任公司"
1549,2470,2116,2470,2116,2497,1549,2497,1,"###"
708,2065,1243,2065,1243,2137,708,2137,0,"100-105m^2 全优三房"
1324,2080,1809,2080,1809,2145,1324,2145,0,"7.7元/㎡限量疯抢"
963,1544,1239,1544,1239,1611,963,1611,0,"真爱七夕"
1298,1555,1573,1555,1573,1621,1298,1621,0,"约惠织女"
296,1631,1208,1631,1208,1866,296,1866,0,"疯狂7月7"
1256,1633,2167,1633,2167,1889,1256,1889,0,"购房7块7/㎡"
461,1917,718,1917,718,2006,461,2006,0,"玩手游"
816,1927,1077,1927,1077,2010,816,2010,0,"追女神"
1184,1929,2051,1929,2051,2035,1184,2035,0,"织女陪你VIP包场看电影"
