435,1832,529,1829,530,1863,436,1866,0,"前行50米"
419,1901,532,1908,485,2613,372,2605,0,"春风门诊部"
355,2645,415,2647,414,2676,355,2674,0,"电话"
352,2676,477,2681,477,2711,352,2707,0,"87568110"
571,2145,629,2141,631,2162,572,2166,0,"ICEU"
576,2167,623,2167,623,2181,576,2181,1,"###"
728,2144,787,2149,784,2178,725,2173,0,"LLumar"
908,2132,994,2132,994,2176,908,2176,0,"3M"
1021,1817,1083,1825,1081,1844,1019,1836,0,"平安光谷"
792,1072,1068,1031,1085,1140,808,1181,0,"东谷"
1199,1006,1519,1023,1513,1142,1193,1125,0,"宾馆"
700,1245,1037,1182,1065,1331,728,1394,0,"东来顺"
1145,1190,1412,1195,1410,1331,1143,1326,0,"饭庄"
1137,1522,1584,1546,1578,1666,1131,1643,0,"武汉分公司"
1119,2109,2027,2168,2021,2249,1114,2190,0,"汽车膜建筑膜专营店"
2101,1937,2150,1933,2167,2140,2118,2143,0,"东谷宾馆"
2113,2152,2178,2146,2180,2165,2114,2171,0,"请上二楼"
2067,2233,2178,2228,2179,2257,2068,2262,1,"###"
2086,2272,2209,2270,2210,2299,2087,2301,0,"交发驾校"
2080,2305,2218,2314,2217,2331,2080,2323,1,"###"
2203,2172,2267,2169,2272,2245,2208,2248,0,"卡网吧"
742,1846,1650,1871,1645,2080,736,2054,0,"四季贴膜"
621,1610,1033,1526,1056,1644,641,1722,0,"北京东来顺"
1757,1592,2374,1735,2361,1842,1734,1697,1,"东谷商###"
1033,1886,1072,1892,1071,1899,1032,1893,1,"###"
1034,1895,1071,1900,1070,1906,1032,1900,1,"###"
