286,7,351,7,351,33,286,33,0,"19:37"
498,0,554,0,554,31,498,31,0,"44%"
36,63,112,63,112,101,36,101,0,"返回"
295,64,341,64,341,111,295,111,0,"赞"
534,62,617,62,617,104,534,104,0,"设置"
91,155,220,155,220,194,91,194,0,"谁赞过我"
414,154,538,154,538,188,414,188,0,"我赞过谁"
183,243,407,243,407,282,183,282,0,"空间看a V-凌碟"
553,244,622,244,622,277,553,277,0,"19:21"
185,294,380,294,380,325,185,325,0,"女 17岁 天蝎座"
182,428,407,428,407,462,182,462,0,"萱香姐姐-天巧"
549,426,616,426,616,458,549,458,0,"19:04"
188,475,379,475,379,504,188,504,0,"女 20岁 双子座"
185,608,404,608,404,645,185,645,0,"萱香妹妹-青曼"
185,654,383,654,383,696,185,696,0,"女 20岁 双子座"
180,788,403,788,403,829,180,829,0,"痴心姐姐-沛儿"
187,837,379,837,379,878,187,878,0,"女 21岁 摩羯座"
553,614,619,614,619,644,553,644,0,"19:01"
555,792,620,792,620,824,555,824,0,"18:25"
89,7,186,7,186,33,89,33,0,"中国移动"
202,10,219,10,219,32,202,32,0,"E"
