1180,2537,1647,2500,1653,2578,1186,2614,0,"年轻就尚"
293,2409,1516,2321,1531,2527,308,2615,0,"YOUNG IS SHINE"
2153,1002,2264,1022,2248,1111,2138,1091,0,"跑步"
2016,1846,2219,2006,2177,2059,1975,1899,0,"让运动改变你"
2070,2085,2183,2170,2153,2210,2040,2126,0,"扫一扫"
2301,2447,2397,2443,2397,2509,2298,2516,0,"尚"
2208,809,2284,808,2282,845,2208,847,0,"sports"
2205,850,2380,849,2381,884,2207,885,1,"###"
2181,960,2257,972,2252,997,2176,985,1,"###"
2072,2062,2171,2130,2158,2158,2058,2090,0,"杰之行官方微信"
1035,112,1171,81,1178,139,1045,170,1,"###"
