1408,1051,1572,1055,1555,1657,1391,1653,0,"光谷金融港"
1340,1052,1389,1052,1381,1658,1332,1657,0,"OPTICS VALLEY FINANCIAL HARBOUR"
1257,1739,1642,1751,1640,1815,1256,1804,0,"8761 1116"
1253,1821,1646,1836,1643,1899,1251,1884,0,"8761 1117"
1256,1909,1639,1929,1637,1982,1254,1963,0,"武汉光谷大道77号"
1282,1971,1611,1986,1611,2008,1282,1993,0,"www.ovuni.com"
915,1898,1096,1590,1120,1604,939,1912,1,"###"
383,2889,413,2896,389,3002,360,2995,1,"###"
1930,898,2078,896,2137,1370,1990,1365,0,"低碳典范"
1995,1424,2161,1431,2247,2029,2073,2041,0,"湖景办公"
