260,1704,681,1647,703,1807,282,1864,0,"猫二爷"
843,1614,1002,1603,1015,1772,855,1783,0,"家"
301,1896,386,1890,390,1952,305,1958,0,"原创"
480,1880,579,1868,586,1926,486,1937,0,"陶艺"
683,1854,785,1843,792,1899,690,1911,0,"饮品"
889,1825,992,1813,999,1873,896,1885,0,"小憩"
304,1988,366,1982,370,2024,308,2030,0,"Art"
458,1969,611,1956,616,2011,463,2025,0,"Pottery"
904,1921,999,1909,1005,1956,909,1968,0,"Rest"
265,1647,572,1605,577,1644,270,1685,0,"I have a dream"
677,1947,827,1932,833,1982,682,1997,0,"Drinks"
