883,650,1483,808,1431,1008,831,850,0,"蜀天椒"
2287,1445,2415,1448,2415,1484,2287,1481,1,"###"
2304,1520,2395,1523,2394,1562,2302,1558,1,"###"
2287,1565,2412,1571,2410,1612,2286,1607,1,"###"
190,1401,701,1387,703,1468,192,1481,0,"2米以下儿童18元客"
122,1101,362,1119,359,1168,119,1149,0,"原价49元/ 客"
534,1141,710,1157,707,1197,531,1181,1,"原价49元/ 客"
116,1179,260,1189,256,1237,113,1227,0,"折后价"
535,1204,635,1206,635,1251,535,1249,0,"折后价"
125,1257,353,1265,349,1358,121,1349,0,"39元/ 客"
540,1276,706,1283,703,1357,538,1351,0,"39元/ 客"
991,1028,1359,1084,1349,1150,982,1095,1,"###"
1491,927,1859,1042,1831,1134,1463,1020,0,"自助火锅城"
1854,1068,1997,1108,1999,1155,1852,1118,1,"###"
2062,1098,2264,1164,2260,1239,2056,1190,1,"###"
2337,1192,2442,1219,2439,1273,2334,1256,1,"###"
914,532,1245,674,1241,733,911,599,0,"装饰热线：26615578"
400,8,1240,426,1230,664,369,272,0,"爱空间装饰"
2282,1484,2418,1484,2418,1519,2282,1519,1,"###"
1005,1183,1033,1183,1033,1378,1005,1378,1,"###"
