618,1330,1485,1139,1539,1384,672,1575,0,"益智玩具"
537,2049,1615,1839,1629,1916,551,2126,0,"主营：乐高积木、托马斯火车、芭比娃"
544,2142,1619,1919,1632,1981,557,2204,0,"娃、铠甲勇士系列、遥控汽车、四轴飞"
892,2153,1341,2055,1354,2117,905,2215,0,"机、变形精钢。"
1432,2583,1575,2539,1586,2574,1443,2618,0,"THOMAS"
1468,2615,1567,2583,1573,2603,1475,2635,0,"FRIENDS"
514,2989,1679,2591,1700,2656,535,3054,0,"地址：光谷德意风情街果壳儿童城二楼52072"
527,3072,1175,2839,1194,2892,547,3126,0,"电话：15872422569"
656,1617,959,1550,970,1603,669,1669,0,"激发想象能力"
983,1544,1250,1480,1261,1530,993,1592,0,"促进触觉发展"
1267,1476,1513,1419,1526,1467,1277,1522,0,"激发视觉发展"
840,1662,1356,1536,1409,1735,900,1871,0,"Toys"
