1260,1295,1581,1295,1581,1731,1260,1731,0,"7℃"
1552,1529,2068,1529,2068,1661,1552,1661,0,"国际时尚银饰"
1522,1632,2077,1632,2077,1721,1522,1721,0,"FASHIONABLE SILVER"
1329,2114,1491,2114,1491,2210,1329,2210,0,"时光集"
427,2567,652,2567,652,2623,427,2623,1,"###"
431,2623,649,2623,649,2676,431,2676,1,"###"
419,2677,546,2677,546,2716,419,2716,1,"###"
1310,2223,1348,2223,1348,2427,1310,2427,1,"###"
437,2538,652,2538,652,2562,437,2562,1,"###"
1356,2229,1372,2229,1372,2357,1356,2357,1,"###"
1380,2223,1398,2223,1398,2377,1380,2377,1,"###"
1402,2227,1424,2227,1424,2356,1402,2356,1,"###"
1429,2230,1449,2230,1449,2372,1429,2372,1,"###"
1449,2230,1478,2230,1478,2411,1449,2411,1,"###"
1464,2053,1481,2053,1481,2112,1464,2112,1,"###"
3797,2383,3989,2383,3989,2424,3797,2424,1,"###"
