939,266,1289,291,1231,1103,881,1077,0,"简朴田园寨"
1335,1291,1527,1185,1590,1300,1398,1405,1,"#318元"
1390,1418,1471,1379,1496,1432,1414,1470,1,"#便宜"
1429,1515,1483,1496,1527,1623,1473,1642,0,"简朴田园寨"
1540,1111,1577,1099,1684,1447,1647,1459,0,"简朴田园寨欢迎您"
1242,1763,1264,1757,1281,1830,1259,1836,0,"简朴田园寨"
1635,1723,1670,1714,1689,1792,1654,1800,0,"简朴田园寨"
1414,1773,1440,1768,1456,1841,1431,1846,0,"简朴田园寨"
1811,1641,1839,1633,1862,1707,1834,1715,0,"简朴田园寨"
1813,1300,1849,1289,1889,1408,1854,1419,0,"简朴田园寨"
1960,989,2013,981,2051,1230,1999,1238,0,"简朴田园寨"
2260,1226,2299,1220,2312,1300,2272,1306,0,"简朴田园寨"
1502,1452,1585,1351,1614,1375,1530,1476,0,"7359368"
1474,1397,1536,1371,1548,1399,1487,1425,0,"3席起订"
2254,297,2410,281,2448,654,2292,670,0,"简朴田园寨"
1376,1749,1394,1747,1404,1804,1386,1806,1,"###"
1345,1787,1362,1783,1375,1836,1358,1840,1,"###"
1292,1804,1316,1797,1333,1849,1309,1856,1,"###"
377,1855,426,1840,478,1981,418,2006,1,"###"
762,1773,820,1745,856,1860,804,1887,1,"###"
508,2014,533,2014,533,2069,508,2069,1,"###"
71,2358,92,2358,92,2368,71,2368,1,"###"
60,2335,92,2335,92,2349,60,2349,1,"###"
531,2052,601,2034,603,2048,537,2069,1,"###"
523,2011,689,1975,701,2011,534,2049,1,"###"
