1818,599,2045,602,2028,1949,1801,1946,0,"布丁酒店连锁"
2132,2353,2263,2327,2272,2371,2140,2396,0,"王派"
1865,2519,2029,2490,2038,2540,1874,2568,0,"王派"
1749,2927,1872,2946,1869,2968,1745,2949,0,"WADPAI"
1482,2223,1618,2344,1601,2362,1466,2242,0,"FOREVER"
903,826,1663,791,1669,921,909,956,1,"###"
1514,1239,1623,1230,1625,1261,1517,1270,0,"兆富国际"
1501,1283,1629,1269,1630,1285,1502,1298,1,"###"
2207,1173,2260,1171,2261,1209,2208,1212,0,"小时"
2308,1139,2388,1127,2393,1158,2313,1170,0,"城管 执"
343,1828,431,1794,447,1838,360,1872,1,"###"
291,1135,333,1135,333,1200,291,1200,1,"###"
521,1572,571,1562,575,1584,524,1593,0,"鄂A·9A270"
492,1371,515,1369,517,1384,494,1386,1,"###"
497,1385,524,1385,524,1399,497,1399,1,"###"
1404,1212,1426,1212,1426,1242,1404,1242,0,"P"
947,1228,972,1228,972,1249,947,1249,0,"50"
2115,1933,2177,1899,2184,1906,2125,1942,1,"###"
331,1370,350,1370,350,1409,331,1409,1,"###"
359,1374,373,1374,373,1411,359,1411,1,"###"
370,1385,385,1385,385,1399,370,1399,1,"###"
1504,3102,1635,3055,1638,3077,1512,3122,0,"SUPPER BICYCLE"
2214,2584,2257,2584,2257,2608,2214,2608,1,"###"
1699,1920,1717,1906,1857,2036,1845,2047,1,"###"
2116,1494,2180,1494,2180,1516,2116,1516,1,"###"
