84,38,200,38,200,71,84,71,0,"红包详情"
85,78,220,78,220,105,85,105,0,"微信安全支付"
157,327,316,327,316,360,157,360,0,"张庆兵的红包"
337,334,356,334,356,355,337,355,0,"拼"
133,370,337,370,337,391,133,391,0,"恭喜发财，大吉大利！"
20,436,268,436,268,463,20,463,0,"1个红包共1.68元，10元被抢光"
385,492,458,492,458,517,385,517,0,"1.68元"
92,520,178,520,178,551,92,551,0,"20:43:10"
370,530,456,530,456,555,370,555,0,"手气最佳"
145,604,322,604,322,625,145,625,0,"查看我的红包记录"
412,5,469,5,469,35,412,35,0,"20:41"
259,8,294,8,294,34,259,34,0,"3G"
300,1,308,1,308,12,300,12,0,"1"
320,9,340,9,340,32,320,32,0,"G"
347,1,358,1,358,14,347,14,0,"2"
96,488,259,488,259,516,96,516,0,"嘉力、（成辉…"
