977,789,3918,789,3918,1344,977,1344,0,"爱茜茜里"
418,1681,633,1681,633,1847,418,1847,0,"春"
964,1648,1193,1648,1193,1844,964,1844,0,"节"
1499,1614,1762,1614,1762,1828,1499,1828,0,"欢"
2074,1617,2320,1617,2320,1801,2074,1801,0,"度"
2659,1613,2921,1613,2921,1811,2659,1811,0,"春"
3324,1576,3582,1576,3582,1805,3324,1805,0,"节"
2827,2014,3037,2014,3037,2062,2827,2062,0,"意大利热巧克力"
2344,2012,2491,2012,2491,2056,2344,2056,0,"盆栽冰淇淋"
2098,2018,2159,2018,2159,2054,2098,2054,0,"奶茶"
1727,1924,2110,1924,2110,1975,1727,1975,0,"健康冰淇淋专"
2243,1912,2508,1912,2508,1974,2243,1974,0,"更低糖分"
2908,1907,3350,1907,3350,1981,2908,1981,0,"一个冰淇淋球"
2089,2157,2266,2157,2266,2194,2089,2194,0,"欧盟认证有机茶"
985,2024,1096,2024,1096,2062,985,2062,1,"###"
968,2177,1075,2177,1075,2213,968,2213,1,"###"
1456,2020,1664,2020,1664,2059,1456,2059,1,"###"
1432,2089,1548,2089,1548,2117,1432,2117,1,"###"
1427,2141,1526,2141,1526,2165,1427,2165,1,"###"
1421,2199,1521,2199,1521,2225,1421,2225,1,"###"
1889,2019,1951,2019,1951,2055,1889,2055,0,"意式"
1886,2054,1956,2054,1956,2085,1886,2085,1,"###"
1886,2088,2012,2088,2012,2114,1886,2114,1,"###"
1887,2121,2009,2121,2009,2142,1887,2142,1,"###"
1886,2156,2014,2156,2014,2179,1886,2179,1,"###"
1883,2183,2012,2183,2012,2210,1883,2210,1,"###"
1880,2211,1984,2211,1984,2238,1880,2238,1,"###"
1878,2244,1988,2244,1988,2273,1878,2273,1,"###"
2088,2262,2262,2262,2262,2294,2088,2294,1,"###"
2087,2298,2261,2298,2261,2329,2087,2329,1,"###"
2085,2338,2259,2338,2259,2363,2085,2363,1,"###"
2083,2372,2260,2372,2260,2406,2083,2406,1,"###"
2098,2089,2205,2089,2205,2111,2098,2111,1,"###"
2347,2085,2426,2085,2426,2108,2347,2108,1,"###"
2349,2138,2426,2138,2426,2164,2349,2164,1,"###"
2831,2099,3009,2099,3009,2130,2831,2130,1,"###"
2833,2136,3008,2136,3008,2165,2833,2165,1,"###"
2839,2178,3017,2178,3017,2204,2839,2204,1,"###"
2843,2213,3034,2213,3034,2239,2843,2239,1,"###"
2845,2244,3073,2244,3073,2279,2845,2279,1,"###"
2566,2087,2640,2087,2640,2111,2566,2111,1,"###"
2566,2140,2644,2140,2644,2167,2566,2167,1,"###"
2569,2198,2645,2198,2645,2225,2569,2225,1,"###"
2521,2254,2750,2254,2750,2288,2521,2288,1,"###"
3325,2019,3420,2019,3420,2054,3325,2054,1,"###"
2869,2871,3192,2871,3192,2917,2869,2917,0,"首届创意城餐饮风云榜"
2937,2918,3138,2918,3138,2975,2937,2975,0,"小型餐饮组"
2997,2997,3079,2997,3079,3103,2997,3103,0,"第"
2571,1907,2779,1907,2779,1977,2571,1977,0,"更低脂"
3558,1911,3631,1911,3631,1973,3558,1973,0,"苹"
988,2064,1172,2064,1172,2090,988,2090,1,"###"
990,2094,1152,2094,1152,2116,990,2116,1,"###"
982,2128,1144,2128,1144,2154,982,2154,1,"###"
964,2216,1072,2216,1072,2242,964,2242,1,"###"
964,2242,1096,2242,1096,2278,964,2278,1,"###"
950,2290,1096,2290,1096,2316,950,2316,1,"###"
954,2328,1078,2328,1078,2354,954,2354,1,"###"
1444,2055,1616,2055,1616,2089,1444,2089,1,"###"
1434,2114,1660,2114,1660,2138,1434,2138,1,"###"
1432,2164,1630,2164,1630,2186,1432,2186,1,"###"
1420,2222,1630,2222,1630,2242,1420,2242,1,"###"
1716,2252,1798,2252,1798,2276,1716,2276,1,"###"
1596,2272,1798,2272,1798,2298,1596,2298,1,"###"
2104,2048,2218,2048,2218,2084,2104,2084,0,"Milk Tea"
2090,2190,2252,2190,2252,2220,2090,2220,0,"Organic Tea"
2194,2224,2268,2224,2268,2256,2194,2256,0,"25/杯"
2350,2050,2542,2050,2542,2086,2350,2086,0,"Pottea Gerato"
1950,2057,2038,2057,2038,2089,1950,2089,0,"Coffee"
2834,2051,3126,2051,3126,2089,2834,2089,0,"Italian Hot Chocolate"
504,2666,640,2666,640,2720,504,2720,1,"###"
3332,2050,3556,2050,3556,2090,3332,2090,1,"###"
3340,2112,3424,2112,3424,2144,3340,2144,1,"###"
3344,2134,3622,2134,3622,2160,3344,2160,1,"###"
3348,2160,3562,2160,3562,2188,3348,2188,1,"###"
3348,2196,3434,2196,3434,2228,3348,2228,1,"###"
3350,2220,3584,2220,3584,2246,3350,2246,1,"###"
3354,2242,3644,2242,3644,2270,3354,2270,1,"###"
4023,2024,4057,2024,4057,2057,4023,2057,1,"###"
2355,2109,2418,2109,2418,2127,2355,2127,1,"###"
3847,2079,4004,2079,4004,2131,3847,2131,1,"###"
3857,2136,3989,2136,3989,2166,3857,2166,1,"###"
3866,2167,3991,2167,3991,2198,3866,2198,1,"###"
3869,2206,4015,2206,4015,2227,3869,2227,1,"###"
3874,2239,3999,2239,3999,2262,3874,2262,1,"###"
895,2639,1122,2639,1122,2665,895,2665,1,"###"
1369,2647,1517,2647,1517,2667,1369,2667,1,"###"
2593,2668,2776,2668,2776,2691,2593,2691,1,"###"
3111,2675,3304,2675,3304,2698,3111,2698,1,"###"
1853,2629,1960,2629,1960,2647,1853,2647,1,"###"
1854,2645,2005,2645,2005,2661,1854,2661,1,"###"
1855,2660,1930,2660,1930,2673,1855,2673,1,"###"
1267,2298,1324,2298,1324,2325,1267,2325,0,"￥38"
1262,2338,1316,2338,1316,2365,1262,2365,0,"￥38"
1753,2096,1805,2096,1805,2124,1753,2124,0,"￥39"
1751,2148,1801,2148,1801,2180,1751,2180,0,"￥38"
1746,2208,1796,2208,1796,2234,1746,2234,0,"￥38"
2220,2089,2266,2089,2266,2114,2220,2114,0,"￥28"
1955,2025,2062,2025,2062,2054,1955,2054,0,"Espresso"
2046,2089,2088,2089,2088,2118,2046,2118,0,"￥15"
2046,2123,2088,2123,2088,2146,2046,2146,0,"￥18"
2045,2158,2085,2158,2085,2180,2045,2180,0,"￥25"
2041,2188,2083,2188,2083,2211,2041,2211,0,"￥28"
2042,2218,2085,2218,2085,2241,2042,2241,0,"￥28"
2043,2247,2082,2247,2082,2268,2043,2268,0,"￥30"
2465,2095,2527,2095,2527,2126,2465,2126,0,"￥36"
2466,2148,2526,2148,2526,2182,2466,2182,0,"￥36"
2679,2092,2743,2092,2743,2129,2679,2129,0,"￥35"
2682,2149,2745,2149,2745,2186,2682,2186,0,"￥35"
2685,2209,2752,2209,2752,2245,2685,2245,0,"￥35"
3177,2216,3239,2216,3239,2247,3177,2247,0,"￥35"
3185,2247,3245,2247,3245,2280,3185,2280,0,"￥35"
3170,2102,3232,2102,3232,2134,3170,2134,0,"￥36"
3174,2139,3232,2139,3232,2171,3174,2171,0,"￥36"
3179,2177,3239,2177,3239,2208,3179,2208,0,"￥36"
3678,2120,3752,2120,3752,2158,3678,2158,0,"￥42"
3692,2209,3760,2209,3760,2245,3692,2245,0,"￥49"
2358,2164,2438,2164,2438,2186,2358,2186,1,"###"
2571,2110,2657,2110,2657,2128,2571,2128,1,"###"
2575,2224,2653,2224,2653,2243,2575,2243,1,"###"
2571,2164,2647,2164,2647,2184,2571,2184,1,"###"
